#! /usr/bin/env python

import logging
import os
import multiprocessing
import subprocess
import sys

from lab.experiment import get_run_dir
from lab import tools

tools.configure_logging()

SHUFFLED_TASK_IDS = [515, 955, 486, 719, 253, 1177, 389, 129, 334, 408, 772, 870, 1087, 816, 1057, 459, 542, 20, 118, 128, 10, 259, 1023, 724, 441, 374, 1191, 1193, 461, 655, 622, 414, 805, 478, 305, 753, 484, 1142, 66, 185, 835, 1186, 369, 596, 421, 350, 28, 1112, 1172, 847, 629, 1195, 48, 766, 152, 274, 1004, 790, 930, 436, 963, 1021, 1152, 500, 599, 818, 672, 1125, 779, 649, 763, 875, 151, 220, 516, 1185, 402, 895, 160, 58, 157, 7, 793, 318, 300, 901, 135, 1035, 678, 776, 657, 198, 1196, 477, 27, 1049, 506, 783, 177, 91, 510, 1176, 1094, 1161, 216, 792, 1007, 206, 1085, 735, 258, 1033, 567, 736, 1101, 15, 537, 104, 1027, 251, 16, 798, 359, 74, 1175, 430, 72, 191, 352, 814, 974, 891, 1192, 31, 1075, 507, 1090, 84, 260, 965, 21, 1154, 320, 4, 909, 520, 1136, 525, 279, 1013, 1098, 562, 1020, 919, 921, 995, 1135, 231, 523, 119, 289, 918, 30, 127, 625, 490, 321, 588, 222, 295, 107, 1143, 68, 447, 860, 954, 839, 937, 856, 164, 677, 333, 1109, 124, 472, 54, 794, 175, 526, 1141, 967, 827, 196, 158, 740, 557, 17, 661, 12, 440, 449, 865, 85, 476, 173, 561, 1164, 789, 664, 558, 153, 670, 1045, 290, 411, 482, 199, 997, 1117, 432, 885, 584, 1079, 609, 489, 1070, 57, 272, 533, 838, 799, 382, 633, 257, 621, 106, 660, 1048, 346, 331, 708, 564, 666, 275, 869, 24, 154, 845, 607, 236, 715, 1107, 61, 893, 884, 1144, 538, 207, 126, 560, 417, 52, 761, 630, 1183, 1128, 788, 235, 978, 277, 485, 617, 756, 356, 1016, 1089, 1110, 684, 699, 395, 375, 487, 786, 968, 82, 987, 466, 1030, 141, 415, 1139, 284, 209, 37, 1047, 545, 98, 332, 550, 806, 931, 376, 422, 683, 1151, 1108, 902, 751, 593, 394, 812, 234, 483, 446, 93, 89, 940, 161, 1104, 933, 353, 115, 1053, 22, 957, 980, 534, 878, 140, 785, 948, 777, 868, 465, 685, 62, 313, 981, 269, 435, 340, 138, 1188, 687, 959, 285, 889, 123, 1058, 444, 492, 614, 494, 426, 1118, 991, 705, 531, 18, 503, 471, 899, 1024, 590, 716, 194, 297, 139, 14, 425, 639, 703, 602, 433, 815, 200, 201, 371, 733, 508, 807, 927, 943, 418, 78, 904, 296, 505, 453, 1168, 527, 846, 496, 809, 739, 866, 784, 2, 1100, 255, 1115, 276, 303, 431, 1060, 298, 958, 941, 148, 1032, 620, 848, 1036, 6, 755, 650, 725, 480, 797, 493, 1051, 114, 857, 952, 156, 1114, 887, 851, 1066, 121, 529, 1116, 281, 539, 71, 226, 651, 647, 264, 996, 1043, 979, 586, 874, 519, 1037, 19, 646, 1031, 922, 862, 1123, 598, 250, 467, 1124, 47, 1200, 317, 637, 362, 993, 189, 439, 309, 1131, 59, 986, 571, 410, 1005, 1084, 604, 456, 1162, 711, 951, 988, 771, 386, 796, 372, 1050, 700, 143, 842, 337, 938, 278, 774, 405, 696, 504, 108, 183, 322, 859, 355, 579, 706, 778, 946, 155, 833, 306, 1073, 652, 606, 975, 589, 971, 896, 314, 522, 577, 675, 676, 69, 541, 244, 611, 1187, 33, 291, 238, 210, 256, 271, 1056, 401, 219, 434, 416, 1165, 307, 693, 800, 460, 990, 906, 694, 168, 984, 718, 423, 390, 1194, 825, 144, 644, 342, 886, 569, 217, 45, 780, 568, 536, 338, 1008, 427, 1160, 923, 898, 603, 1121, 1081, 764, 581, 905, 499, 989, 349, 328, 1140, 1180, 442, 767, 223, 844, 1158, 594, 565, 365, 612, 122, 1014, 1153, 654, 1111, 663, 881, 1064, 547, 99, 1145, 1061, 92, 618, 727, 592, 1001, 934, 1015, 551, 268, 873, 638, 1134, 1102, 488, 49, 448, 326, 130, 1148, 387, 239, 781, 731, 348, 1018, 1189, 787, 1163, 229, 610, 344, 985, 1, 176, 855, 1178, 202, 1069, 624, 265, 819, 174, 42, 1000, 95, 228, 247, 1044, 137, 509, 292, 863, 294, 385, 714, 497, 357, 90, 802, 690, 1006, 146, 50, 746, 470, 942, 23, 962, 782, 555, 400, 475, 88, 1173, 707, 1002, 65, 894, 1138, 335, 697, 840, 288, 836, 587, 695, 1028, 853, 273, 412, 180, 1092, 283, 149, 391, 947, 147, 908, 1133, 1063, 546, 804, 872, 35, 373, 263, 689, 310, 96, 757, 370, 580, 837, 832, 913, 903, 117, 762, 770, 907, 3, 928, 737, 517, 1132, 214, 1171, 464, 32, 1119, 850, 691, 768, 243, 929, 1167, 76, 468, 336, 1034, 203, 969, 452, 976, 462, 765, 1080, 188, 1077, 339, 241, 190, 627, 1003, 747, 134, 1072, 171, 266, 479, 1083, 428, 388, 145, 111, 172, 1074, 645, 623, 803, 377, 113, 924, 237, 1199, 150, 730, 366, 186, 631, 830, 46, 915, 824, 112, 354, 702, 743, 1042, 1159, 323, 245, 392, 282, 363, 912, 1120, 659, 701, 315, 41, 1097, 329, 900, 760, 304, 658, 556, 169, 131, 136, 876, 721, 635, 102, 1181, 1055, 97, 11, 668, 585, 524, 116, 605, 424, 910, 553, 1039, 920, 105, 752, 473, 982, 438, 841, 94, 197, 949, 1078, 944, 1190, 892, 1099, 888, 773, 829, 628, 39, 570, 595, 1179, 221, 384, 233, 218, 656, 626, 1130, 613, 56, 63, 1103, 463, 381, 75, 364, 443, 495, 867, 1197, 458, 70, 820, 673, 1127, 615, 653, 616, 543, 852, 713, 100, 513, 81, 208, 1011, 163, 1086, 205, 1067, 195, 960, 367, 709, 801, 230, 225, 44, 1025, 261, 246, 502, 55, 360, 619, 25, 280, 935, 1155, 535, 491, 26, 212, 38, 308, 662, 399, 1009, 698, 861, 540, 600, 262, 224, 741, 999, 103, 455, 187, 828, 406, 60, 34, 1046, 956, 822, 1052, 498, 43, 992, 179, 267, 843, 917, 566, 1126, 1071, 632, 882, 742, 420, 704, 301, 732, 182, 1122, 181, 1156, 1059, 159, 29, 469, 738, 254, 674, 327, 232, 831, 554, 445, 1147, 120, 1091, 966, 407, 563, 1088, 1022, 597, 213, 368, 378, 601, 1174, 450, 109, 454, 330, 451, 9, 769, 864, 77, 826, 521, 667, 1166, 192, 87, 648, 1076, 591, 544, 299, 383, 665, 1095, 950, 242, 311, 573, 324, 636, 576, 583, 80, 1137, 166, 945, 178, 750, 380, 911, 749, 511, 1169, 193, 723, 877, 964, 643, 343, 758, 710, 1170, 817, 404, 808, 409, 1146, 1038, 679, 1198, 1062, 361, 858, 813, 977, 248, 582, 726, 249, 532, 165, 325, 1150, 688, 916, 880, 748, 834, 849, 429, 142, 132, 720, 347, 871, 351, 1113, 512, 879, 162, 1149, 211, 457, 1068, 970, 640, 167, 744, 64, 413, 204, 559, 575, 312, 133, 40, 36, 729, 608, 939, 642, 734, 393, 925, 379, 549, 681, 481, 810, 680, 994, 1096, 293, 215, 53, 86, 73, 936, 1157, 973, 514, 419, 184, 998, 1106, 634, 252, 1010, 961, 170, 717, 791, 890, 1093, 396, 341, 548, 1019, 1041, 1082, 552, 287, 1012, 270, 398, 671, 578, 13, 1065, 821, 79, 823, 811, 101, 745, 528, 501, 5, 795, 319, 712, 682, 914, 227, 437, 1129, 641, 983, 692, 518, 775, 754, 1029, 358, 572, 883, 316, 403, 686, 83, 759, 530, 1026, 669, 722, 1184, 953, 1040, 897, 1054, 8, 240, 125, 1017, 574, 854, 67, 972, 474, 397, 110, 302, 932, 926, 345, 1182, 728, 286, 51, 1105]

# Make sure we're in the experiment directory.
os.chdir(os.path.dirname(os.path.abspath(__file__)))


def get_run_id(task_id):
    return SHUFFLED_TASK_IDS[task_id - 1]


def process_task(task_id):
    run_id = get_run_id(task_id)
    run_dir = get_run_dir(run_id)
    error = False
    driver_log_file = os.path.join(run_dir, "driver.log")

    if os.path.exists(driver_log_file):
        logging.info(f"The run in {run_dir} has already been started --> skip it")
        return False

    with open(driver_log_file, "w") as driver_log:
        with open(os.path.join(run_dir, "driver.err"), "w") as driver_err:
            logging.info(f"Starting run {run_id} (TASK_ID {task_id}) in {run_dir}")
            try:
                subprocess.check_call(
                    [tools.get_python_executable(), "run"],
                    cwd=run_dir, stdout=driver_log, stderr=driver_err)
            except subprocess.CalledProcessError:
                error = True

    # driver.log always has content for a successful run, so we never delete it.
    if os.path.getsize(driver_err.name) == 0:
        os.remove(driver_err.name)
    else:
        error = True

    return error


def main():
    pool = multiprocessing.Pool(processes=4)
    num_tasks = len(SHUFFLED_TASK_IDS)
    result = pool.map_async(process_task, range(1, num_tasks + 1))
    try:
        # Use "timeout" to fix passing KeyboardInterrupts from children
        # (see https://stackoverflow.com/questions/1408356).
        result.wait(timeout=99999)
    except KeyboardInterrupt:
        logging.warning("Main script interrupted")
        pool.terminate()
    finally:
        pool.close()
        logging.info("Joining pool processes")
        pool.join()

    if any(result.get()):
        sys.exit("Error: At least one run failed.")


if __name__ == "__main__":
    main()
