#! /usr/bin/env python

import logging
import os
import multiprocessing
import subprocess
import sys

from lab.experiment import get_run_dir
from lab import tools

tools.configure_logging()

SHUFFLED_TASK_IDS = [1254, 355, 1180, 77, 2, 1021, 1295, 1032, 974, 1285, 167, 1188, 798, 1225, 678, 1208, 496, 936, 1449, 1307, 794, 992, 84, 991, 838, 961, 1337, 1325, 231, 1206, 687, 613, 342, 102, 95, 281, 555, 793, 362, 946, 536, 1109, 1026, 1294, 59, 1318, 1028, 886, 865, 204, 141, 184, 927, 53, 1412, 1056, 326, 305, 586, 1268, 556, 832, 306, 202, 13, 26, 1462, 153, 811, 1402, 1024, 144, 1419, 615, 307, 629, 109, 1301, 1066, 618, 285, 76, 1102, 1309, 418, 1038, 146, 1348, 122, 625, 1168, 207, 286, 847, 580, 62, 916, 18, 247, 1197, 829, 490, 567, 1140, 994, 108, 906, 749, 1144, 682, 279, 1263, 1218, 1030, 1381, 1184, 1037, 1194, 47, 157, 1156, 1199, 105, 839, 551, 55, 136, 1216, 585, 365, 347, 1441, 1128, 891, 1329, 755, 938, 27, 1073, 604, 28, 258, 964, 902, 968, 786, 497, 545, 120, 1464, 1276, 655, 81, 206, 622, 192, 896, 1058, 1346, 1413, 772, 411, 731, 635, 1335, 1050, 837, 718, 164, 518, 920, 611, 600, 1160, 452, 979, 321, 505, 514, 391, 1097, 1213, 695, 584, 10, 1122, 1096, 455, 30, 1288, 879, 35, 745, 1453, 407, 1305, 535, 670, 241, 1147, 697, 272, 654, 911, 830, 640, 527, 220, 1230, 752, 69, 1045, 251, 114, 513, 358, 1246, 666, 706, 402, 1, 448, 34, 910, 1347, 857, 398, 340, 1277, 462, 681, 917, 1432, 702, 39, 594, 1133, 549, 1370, 1461, 425, 57, 115, 1438, 330, 553, 421, 800, 893, 138, 315, 1363, 212, 1117, 529, 649, 1131, 1314, 1418, 441, 1143, 94, 409, 632, 323, 364, 528, 602, 292, 350, 22, 1378, 942, 1209, 134, 1255, 1083, 778, 790, 507, 662, 1091, 661, 1258, 71, 962, 721, 599, 1356, 1404, 412, 78, 1167, 203, 1249, 359, 541, 833, 41, 423, 624, 835, 280, 1015, 417, 185, 880, 1115, 1452, 89, 1153, 1174, 1466, 947, 771, 1444, 488, 950, 504, 431, 892, 673, 125, 324, 393, 396, 395, 221, 626, 140, 1245, 1219, 1448, 596, 589, 21, 83, 537, 1388, 709, 1386, 577, 1435, 523, 735, 1456, 801, 1395, 647, 642, 587, 427, 287, 876, 1265, 253, 436, 487, 1155, 375, 1361, 761, 756, 975, 1367, 664, 973, 387, 1272, 1333, 1090, 572, 736, 924, 780, 1099, 530, 333, 1308, 1470, 147, 983, 1124, 1354, 864, 853, 149, 106, 700, 1098, 630, 401, 1299, 976, 43, 1279, 710, 1397, 193, 836, 446, 419, 970, 1342, 166, 512, 160, 335, 990, 679, 1411, 724, 112, 1338, 19, 612, 919, 1017, 1151, 236, 91, 449, 677, 941, 1235, 1440, 341, 1150, 1382, 1242, 1106, 1274, 129, 933, 940, 74, 558, 338, 699, 339, 453, 245, 960, 1450, 543, 914, 242, 1001, 848, 1424, 827, 741, 763, 705, 1172, 1457, 1328, 989, 738, 1324, 1436, 111, 1012, 1313, 1358, 1445, 617, 477, 489, 209, 410, 295, 1141, 1239, 711, 1089, 982, 703, 943, 1185, 680, 299, 1183, 1238, 852, 644, 606, 792, 658, 517, 1146, 1290, 951, 688, 969, 939, 783, 1273, 250, 1385, 499, 1137, 511, 463, 1125, 310, 785, 732, 1110, 234, 573, 1079, 444, 1326, 155, 1114, 899, 1135, 898, 42, 235, 4, 648, 169, 534, 867, 394, 458, 1212, 99, 103, 764, 1072, 459, 1320, 1311, 1175, 795, 1043, 406, 922, 1396, 370, 1306, 263, 29, 770, 1107, 237, 1431, 1256, 471, 717, 802, 568, 451, 1345, 1200, 351, 145, 282, 260, 384, 1008, 1129, 1165, 1323, 570, 831, 894, 354, 248, 854, 46, 1237, 500, 1280, 955, 1366, 598, 464, 379, 696, 316, 469, 532, 1398, 806, 740, 805, 133, 278, 271, 360, 905, 890, 336, 1292, 779, 1451, 633, 1469, 1196, 154, 1221, 397, 959, 791, 1023, 1350, 1259, 266, 3, 349, 1202, 7, 152, 460, 841, 1063, 1022, 1275, 675, 601, 809, 214, 1075, 1095, 608, 957, 1291, 757, 1310, 913, 8, 1084, 526, 1236, 269, 1401, 11, 510, 93, 1406, 768, 1166, 217, 578, 447, 344, 61, 483, 264, 563, 1068, 1014, 172, 65, 1149, 1093, 119, 685, 803, 171, 163, 1169, 126, 56, 1178, 887, 1035, 1460, 782, 1067, 1373, 481, 201, 547, 1126, 560, 881, 949, 265, 1339, 820, 1443, 571, 1154, 1152, 538, 1357, 181, 151, 468, 1162, 60, 903, 524, 1003, 744, 540, 516, 104, 701, 291, 1182, 352, 1410, 1158, 758, 637, 1414, 331, 766, 5, 219, 1127, 311, 1039, 641, 1426, 728, 1243, 428, 569, 694, 301, 16, 937, 908, 1229, 267, 683, 380, 1087, 884, 276, 198, 1257, 1170, 533, 36, 270, 1223, 139, 1408, 1232, 521, 1340, 233, 762, 229, 1458, 503, 593, 1204, 575, 1349, 1375, 620, 197, 901, 275, 1270, 442, 256, 708, 748, 1189, 958, 1094, 495, 392, 734, 591, 337, 727, 929, 904, 289, 583, 823, 170, 834, 1330, 68, 58, 353, 1383, 1123, 92, 843, 1105, 863, 789, 1044, 1286, 719, 485, 17, 1053, 98, 128, 737, 465, 123, 491, 1062, 88, 232, 614, 1315, 1343, 912, 176, 1207, 1447, 1322, 470, 433, 730, 255, 1454, 1011, 300, 432, 712, 552, 6, 1226, 1425, 1000, 716, 531, 82, 297, 1047, 1360, 1006, 874, 988, 1455, 381, 1179, 1159, 368, 1393, 1241, 522, 1157, 182, 54, 1085, 1163, 343, 690, 1331, 429, 117, 1364, 623, 1304, 579, 1334, 888, 1379, 328, 205, 385, 1352, 132, 1019, 1351, 638, 1283, 953, 12, 945, 870, 813, 1100, 609, 476, 1033, 413, 1228, 1187, 25, 179, 796, 1217, 1069, 978, 883, 502, 23, 1203, 199, 1303, 1036, 101, 322, 1302, 107, 87, 79, 1010, 1355, 284, 332, 619, 162, 314, 926, 1112, 561, 33, 1387, 895, 142, 846, 1267, 971, 1400, 1251, 454, 1027, 799, 403, 845, 963, 797, 674, 404, 1142, 472, 781, 1148, 643, 274, 399, 581, 669, 1422, 1049, 369, 268, 676, 935, 215, 559, 213, 808, 715, 1013, 759, 875, 1210, 948, 159, 520, 660, 603, 878, 1250, 1403, 986, 582, 760, 137, 1031, 156, 554, 1433, 817, 931, 698, 877, 70, 246, 656, 1317, 168, 478, 239, 1181, 238, 75, 319, 450, 1046, 1134, 9, 1138, 1214, 1407, 980, 1341, 334, 1082, 665, 150, 1353, 1463, 663, 774, 1327, 456, 1136, 1164, 304, 216, 14, 725, 769, 457, 597, 564, 494, 689, 652, 739, 645, 550, 367, 1371, 200, 667, 273, 557, 390, 1377, 1192, 993, 1009, 116, 52, 173, 1260, 773, 426, 691, 1092, 38, 605, 1195, 928, 767, 383, 345, 1442, 415, 1034, 686, 183, 1300, 1332, 1359, 900, 20, 474, 546, 195, 784, 1233, 222, 1390, 445, 1051, 224, 693, 885, 31, 850, 889, 726, 862, 1287, 240, 1103, 303, 576, 188, 565, 308, 194, 1220, 1061, 259, 1215, 249, 634, 1041, 1428, 313, 999, 1278, 294, 743, 346, 804, 1007, 371, 439, 1161, 1145, 435, 1365, 872, 434, 965, 64, 1116, 595, 90, 925, 121, 934, 1319, 210, 1376, 592, 1076, 1430, 317, 1244, 542, 1118, 1389, 405, 378, 1369, 80, 1409, 225, 208, 131, 966, 422, 707, 1139, 1264, 178, 1186, 127, 48, 1459, 1271, 1446, 1059, 288, 211, 484, 1253, 1108, 1293, 493, 977, 1132, 320, 461, 1284, 86, 1420, 1020, 480, 742, 1077, 1437, 812, 1042, 574, 722, 318, 651, 1016, 498, 130, 653, 816, 356, 1054, 668, 1416, 1415, 1368, 118, 325, 366, 228, 49, 650, 729, 293, 420, 96, 1434, 66, 148, 438, 1374, 437, 1029, 1120, 45, 1177, 290, 868, 1119, 1467, 1372, 440, 909, 1205, 1394, 85, 1005, 932, 777, 361, 1198, 73, 475, 1173, 1111, 186, 930, 1296, 720, 1040, 1121, 844, 1240, 1002, 1465, 262, 616, 607, 174, 377, 915, 984, 944, 672, 110, 191, 610, 1191, 257, 414, 952, 44, 858, 312, 389, 860, 501, 40, 849, 230, 818, 298, 704, 386, 1224, 467, 373, 302, 1101, 165, 810, 227, 566, 814, 869, 1312, 1227, 244, 1130, 714, 882, 143, 327, 750, 218, 787, 1052, 562, 1391, 828, 819, 1392, 1104, 254, 981, 856, 967, 1074, 1025, 1423, 548, 684, 382, 1231, 1193, 639, 713, 50, 897, 187, 72, 1384, 252, 590, 97, 907, 51, 1086, 296, 859, 175, 243, 765, 972, 1417, 1065, 1247, 751, 998, 1248, 506, 1281, 408, 923, 1429, 692, 135, 1289, 588, 825, 775, 161, 659, 1222, 261, 822, 329, 754, 466, 987, 400, 525, 1018, 1399, 515, 32, 1380, 997, 1362, 544, 24, 918, 416, 1468, 747, 821, 842, 733, 519, 1266, 1261, 985, 1048, 1344, 1113, 100, 283, 430, 196, 473, 1405, 657, 539, 363, 67, 372, 1078, 1071, 1201, 376, 1252, 124, 1439, 63, 636, 631, 15, 996, 374, 824, 357, 277, 508, 1297, 177, 753, 723, 871, 309, 815, 826, 840, 1316, 776, 1004, 190, 855, 1262, 1088, 388, 788, 807, 1427, 627, 180, 1234, 866, 1171, 1211, 861, 1282, 873, 479, 486, 158, 226, 443, 921, 113, 1080, 1421, 1298, 1081, 1190, 189, 1176, 1070, 348, 482, 671, 956, 492, 621, 1055, 1336, 223, 746, 424, 1057, 1321, 37, 628, 1269, 995, 509, 851, 1060, 1064, 954, 646]

# Make sure we're in the experiment directory.
os.chdir(os.path.dirname(os.path.abspath(__file__)))


def get_run_id(task_id):
    return SHUFFLED_TASK_IDS[task_id - 1]


def process_task(task_id):
    run_id = get_run_id(task_id)
    run_dir = get_run_dir(run_id)
    error = False
    driver_log_file = os.path.join(run_dir, "driver.log")

    if os.path.exists(driver_log_file):
        logging.info(f"The run in {run_dir} has already been started --> skip it")
        return False

    with open(driver_log_file, "w") as driver_log:
        with open(os.path.join(run_dir, "driver.err"), "w") as driver_err:
            logging.info(f"Starting run {run_id} (TASK_ID {task_id}) in {run_dir}")
            try:
                subprocess.check_call(
                    [tools.get_python_executable(), "run"],
                    cwd=run_dir, stdout=driver_log, stderr=driver_err)
            except subprocess.CalledProcessError:
                error = True

    # driver.log always has content for a successful run, so we never delete it.
    if os.path.getsize(driver_err.name) == 0:
        os.remove(driver_err.name)
    else:
        error = True

    return error


def main():
    pool = multiprocessing.Pool(processes=8)
    num_tasks = len(SHUFFLED_TASK_IDS)
    result = pool.map_async(process_task, range(1, num_tasks + 1))
    try:
        # Use "timeout" to fix passing KeyboardInterrupts from children
        # (see https://stackoverflow.com/questions/1408356).
        result.wait(timeout=99999)
    except KeyboardInterrupt:
        logging.warning("Main script interrupted")
        pool.terminate()
    finally:
        pool.close()
        logging.info("Joining pool processes")
        pool.join()

    if any(result.get()):
        sys.exit("Error: At least one run failed.")


if __name__ == "__main__":
    main()
