#! /usr/bin/env python

import logging
import os
import multiprocessing
import subprocess
import sys

from lab.experiment import get_run_dir
from lab import tools

tools.configure_logging()

SHUFFLED_TASK_IDS = [134, 622, 828, 1031, 273, 73, 1074, 853, 617, 710, 29, 360, 1205, 512, 1333, 612, 543, 973, 1136, 906, 1044, 488, 578, 425, 439, 147, 164, 1325, 161, 335, 1201, 932, 1304, 691, 15, 1503, 168, 764, 78, 1471, 1354, 295, 80, 760, 895, 734, 228, 651, 1081, 787, 456, 826, 83, 684, 1065, 119, 1021, 363, 1122, 670, 404, 1187, 1292, 1018, 944, 1245, 1309, 968, 19, 380, 923, 1173, 136, 274, 1476, 114, 841, 113, 507, 1054, 1162, 433, 477, 616, 1482, 761, 851, 1221, 278, 822, 1452, 18, 816, 970, 1254, 395, 838, 215, 452, 521, 265, 344, 1406, 357, 160, 539, 1424, 1137, 88, 409, 1323, 629, 686, 99, 736, 547, 112, 945, 726, 982, 63, 1080, 1108, 917, 523, 322, 279, 730, 1027, 708, 694, 7, 137, 1297, 567, 999, 153, 662, 494, 1236, 203, 936, 1321, 1024, 754, 98, 610, 1107, 1251, 229, 1343, 915, 233, 1222, 1146, 483, 1181, 42, 502, 969, 1125, 1022, 957, 296, 1303, 324, 446, 706, 910, 858, 1287, 584, 309, 565, 1261, 1263, 249, 287, 1020, 1165, 1429, 411, 124, 1324, 307, 1268, 260, 72, 1225, 715, 394, 251, 1348, 1504, 190, 1062, 515, 1092, 1398, 1413, 919, 1211, 1480, 673, 753, 1077, 397, 997, 321, 803, 827, 911, 865, 24, 676, 1152, 563, 20, 595, 126, 1127, 32, 75, 1478, 527, 665, 504, 1279, 350, 1248, 447, 558, 448, 1112, 1212, 1119, 1455, 93, 106, 311, 555, 285, 842, 1006, 247, 1141, 1056, 66, 514, 955, 45, 1356, 185, 1094, 352, 428, 362, 1167, 1267, 499, 606, 1288, 931, 157, 1068, 105, 977, 312, 702, 1396, 621, 11, 431, 1369, 1407, 490, 1347, 938, 800, 1384, 681, 1464, 69, 942, 1055, 1453, 996, 1425, 889, 1131, 341, 84, 1345, 254, 596, 1249, 1445, 1492, 369, 1049, 403, 294, 386, 470, 343, 837, 690, 399, 104, 1281, 188, 926, 1280, 580, 17, 903, 1060, 393, 1295, 1048, 732, 219, 1228, 804, 654, 1470, 34, 221, 516, 1093, 1468, 777, 53, 1428, 482, 1171, 898, 1138, 724, 184, 699, 1490, 1098, 1496, 522, 414, 1364, 553, 1223, 146, 340, 604, 199, 1370, 5, 332, 513, 1318, 882, 313, 1231, 946, 1390, 541, 795, 1073, 354, 1427, 342, 635, 854, 619, 573, 205, 758, 275, 267, 1238, 1179, 478, 1439, 870, 266, 679, 731, 1046, 117, 765, 899, 1315, 1002, 1170, 1059, 141, 152, 805, 1332, 455, 1409, 281, 50, 436, 1322, 1129, 796, 110, 208, 962, 1317, 196, 1104, 878, 1101, 603, 988, 894, 432, 862, 319, 323, 1142, 531, 1440, 191, 557, 359, 100, 1200, 1306, 744, 408, 608, 253, 142, 226, 748, 1336, 975, 1326, 198, 1443, 927, 897, 30, 642, 140, 1025, 1459, 633, 1185, 162, 1177, 1388, 419, 1117, 1289, 695, 1149, 131, 1160, 1026, 1156, 1208, 297, 200, 96, 1085, 333, 913, 637, 659, 763, 1213, 1389, 1030, 661, 1276, 1070, 677, 500, 402, 918, 537, 435, 158, 824, 643, 1126, 116, 566, 798, 719, 407, 511, 1362, 461, 743, 244, 742, 310, 248, 320, 304, 713, 1334, 1, 784, 1182, 370, 674, 712, 771, 550, 1262, 1234, 510, 237, 387, 410, 984, 465, 1218, 213, 277, 1008, 1219, 451, 951, 1011, 484, 479, 220, 875, 783, 79, 632, 1458, 187, 1144, 163, 1291, 1416, 444, 1298, 1431, 807, 698, 914, 569, 810, 525, 1239, 138, 1100, 1232, 120, 1114, 1105, 572, 1139, 23, 1335, 767, 339, 1241, 1342, 442, 1402, 1437, 564, 1319, 591, 1084, 90, 366, 1462, 145, 282, 846, 623, 224, 1314, 888, 183, 109, 57, 1214, 206, 1237, 928, 762, 614, 353, 1380, 979, 562, 305, 133, 381, 372, 379, 601, 1153, 65, 751, 835, 817, 347, 186, 1036, 1310, 115, 1484, 680, 750, 1259, 520, 271, 211, 43, 496, 1272, 1204, 1423, 1090, 785, 872, 268, 1189, 1405, 716, 626, 1501, 1050, 628, 486, 506, 586, 1034, 227, 272, 338, 971, 933, 238, 97, 209, 656, 31, 1363, 315, 181, 481, 51, 534, 1071, 615, 749, 530, 1448, 1302, 581, 392, 776, 1472, 1014, 284, 693, 1190, 1158, 987, 327, 860, 571, 1009, 1045, 1481, 1196, 1385, 1346, 269, 701, 167, 554, 801, 1419, 664, 355, 56, 1299, 36, 449, 1216, 415, 1246, 551, 179, 405, 1285, 222, 1502, 151, 1155, 685, 445, 1230, 714, 239, 649, 1441, 44, 1007, 1395, 881, 89, 974, 207, 235, 1414, 1151, 657, 950, 192, 948, 883, 789, 1466, 1175, 992, 985, 427, 1456, 46, 3, 916, 1184, 793, 67, 8, 10, 450, 1000, 1498, 252, 364, 367, 718, 264, 202, 1035, 658, 231, 1479, 91, 441, 258, 568, 1485, 1229, 306, 130, 745, 1421, 773, 1180, 256, 907, 900, 376, 819, 1110, 528, 1109, 1051, 901, 204, 1052, 1487, 70, 1418, 850, 660, 423, 1028, 768, 1145, 590, 1387, 885, 1284, 460, 630, 454, 856, 1442, 1408, 747, 560, 418, 28, 830, 1252, 774, 1379, 345, 61, 1215, 1210, 1383, 986, 1316, 829, 316, 687, 740, 669, 640, 692, 577, 283, 416, 788, 1271, 480, 1359, 1392, 503, 328, 77, 1047, 799, 1178, 1023, 709, 135, 263, 417, 1255, 223, 389, 172, 245, 218, 867, 1275, 833, 561, 861, 1404, 1012, 752, 1430, 884, 39, 1358, 1312, 243, 728, 210, 194, 930, 308, 832, 1154, 246, 1095, 806, 990, 1015, 963, 1417, 498, 844, 1483, 280, 711, 193, 769, 365, 74, 1209, 497, 611, 834, 1134, 122, 314, 866, 733, 378, 943, 468, 782, 383, 689, 592, 102, 1436, 705, 1313, 644, 2, 1140, 995, 1133, 261, 818, 1123, 1367, 593, 505, 1411, 1097, 47, 756, 1463, 434, 250, 1258, 1240, 1290, 259, 536, 648, 293, 38, 820, 1072, 317, 700, 390, 605, 1393, 474, 1327, 25, 671, 1460, 892, 1274, 1491, 1270, 723, 675, 159, 978, 524, 169, 755, 201, 966, 48, 1233, 101, 424, 421, 1016, 1118, 1374, 672, 909, 144, 1120, 473, 1256, 964, 485, 1467, 291, 1426, 1391, 725, 655, 276, 627, 1083, 1386, 1078, 22, 855, 302, 1253, 336, 1243, 301, 1444, 1307, 374, 1075, 1461, 1130, 935, 1282, 542, 956, 599, 808, 920, 121, 82, 1305, 1394, 1040, 189, 859, 1469, 1088, 1403, 836, 1361, 815, 533, 491, 597, 388, 812, 532, 457, 589, 464, 1244, 1069, 912, 757, 375, 847, 299, 904, 545, 1340, 839, 1064, 813, 170, 1368, 412, 87, 385, 947, 1269, 902, 976, 1366, 111, 770, 1132, 509, 132, 766, 737, 641, 908, 197, 989, 556, 1061, 645, 443, 1273, 337, 960, 1360, 1063, 398, 68, 1161, 1277, 852, 1195, 983, 896, 40, 16, 195, 877, 175, 1079, 26, 682, 1329, 426, 1331, 240, 1432, 173, 1451, 1113, 1311, 1111, 413, 548, 1115, 868, 653, 255, 618, 1410, 891, 871, 437, 1203, 1488, 1147, 1320, 33, 495, 570, 27, 934, 831, 607, 579, 746, 85, 759, 241, 582, 35, 1353, 981, 1433, 1435, 535, 1086, 1169, 876, 583, 177, 873, 76, 704, 489, 1489, 809, 286, 149, 598, 794, 585, 1150, 86, 1412, 1043, 1337, 1089, 825, 225, 1301, 1172, 1096, 420, 1041, 1339, 1164, 639, 501, 779, 1400, 738, 638, 270, 466, 234, 703, 406, 1257, 1193, 1121, 6, 13, 1207, 300, 232, 1224, 1338, 334, 176, 182, 1194, 980, 941, 1266, 329, 735, 178, 959, 1477, 60, 180, 1283, 678, 165, 331, 1227, 609, 475, 1099, 1202, 129, 230, 544, 1148, 998, 840, 1124, 1473, 1159, 519, 1091, 356, 857, 368, 1420, 647, 575, 174, 4, 845, 1206, 1500, 1217, 781, 41, 1341, 118, 453, 1039, 1454, 587, 156, 1004, 59, 1475, 1053, 1042, 741, 1300, 422, 929, 476, 1381, 1286, 438, 634, 64, 1157, 1250, 1188, 12, 155, 459, 722, 1352, 869, 1128, 1235, 469, 939, 707, 1382, 1066, 81, 778, 1106, 1355, 1264, 1499, 843, 729, 1415, 1019, 972, 54, 1486, 954, 351, 1296, 1450, 1495, 467, 1103, 880, 58, 143, 1493, 257, 1497, 303, 1260, 318, 1373, 52, 526, 214, 1434, 463, 631, 886, 400, 440, 346, 471, 377, 1017, 811, 1375, 890, 1397, 128, 1357, 991, 697, 1082, 1057, 775, 1293, 217, 1457, 688, 1278, 863, 487, 696, 1465, 1001, 953, 1330, 994, 1168, 667, 1494, 1038, 330, 298, 371, 154, 717, 588, 576, 1199, 1378, 508, 1166, 1058, 937, 326, 924, 216, 1376, 797, 62, 517, 1037, 55, 361, 396, 14, 493, 874, 242, 127, 1087, 790, 382, 625, 1371, 348, 574, 148, 212, 373, 462, 1242, 925, 864, 1033, 952, 289, 458, 646, 1067, 1186, 848, 492, 171, 1183, 940, 600, 792, 37, 236, 1176, 290, 430, 292, 1446, 1399, 1377, 967, 1003, 1372, 666, 949, 1005, 620, 529, 791, 166, 780, 552, 1198, 401, 1220, 1294, 108, 150, 349, 325, 49, 1349, 887, 1032, 958, 71, 9, 1265, 786, 1010, 893, 663, 1351, 358, 922, 668, 472, 384, 429, 1143, 1226, 1401, 993, 1328, 965, 1438, 546, 95, 1102, 1422, 650, 92, 905, 1449, 1474, 802, 602, 1013, 594, 814, 1344, 94, 961, 1197, 139, 549, 540, 636, 123, 921, 1447, 1163, 879, 652, 823, 624, 559, 1308, 103, 772, 821, 849, 1076, 21, 1116, 721, 391, 1029, 683, 1365, 538, 1192, 739, 107, 125, 727, 720, 518, 288, 1135, 1350, 1174, 1191, 262, 1247, 613]

# Make sure we're in the experiment directory.
os.chdir(os.path.dirname(os.path.abspath(__file__)))


def get_run_id(task_id):
    return SHUFFLED_TASK_IDS[task_id - 1]


def process_task(task_id):
    run_id = get_run_id(task_id)
    run_dir = get_run_dir(run_id)
    error = False
    driver_log_file = os.path.join(run_dir, "driver.log")

    if os.path.exists(driver_log_file):
        logging.info(f"The run in {run_dir} has already been started --> skip it")
        return False

    with open(driver_log_file, "w") as driver_log:
        with open(os.path.join(run_dir, "driver.err"), "w") as driver_err:
            logging.info(f"Starting run {run_id} (TASK_ID {task_id}) in {run_dir}")
            try:
                subprocess.check_call(
                    [tools.get_python_executable(), "run"],
                    cwd=run_dir, stdout=driver_log, stderr=driver_err)
            except subprocess.CalledProcessError:
                error = True

    # driver.log always has content for a successful run, so we never delete it.
    if os.path.getsize(driver_err.name) == 0:
        os.remove(driver_err.name)
    else:
        error = True

    return error


def main():
    pool = multiprocessing.Pool(processes=4)
    num_tasks = len(SHUFFLED_TASK_IDS)
    result = pool.map_async(process_task, range(1, num_tasks + 1))
    try:
        # Use "timeout" to fix passing KeyboardInterrupts from children
        # (see https://stackoverflow.com/questions/1408356).
        result.wait(timeout=99999)
    except KeyboardInterrupt:
        logging.warning("Main script interrupted")
        pool.terminate()
    finally:
        pool.close()
        logging.info("Joining pool processes")
        pool.join()

    if any(result.get()):
        sys.exit("Error: At least one run failed.")


if __name__ == "__main__":
    main()
