#! /usr/bin/env python

import logging
import os
import multiprocessing
import subprocess
import sys

from lab.experiment import get_run_dir
from lab import tools

tools.configure_logging()

SHUFFLED_TASK_IDS = [3894, 1608, 1229, 2952, 2140, 757, 1942, 2728, 3180, 1718, 3217, 2882, 1255, 1973, 670, 3215, 177, 2823, 3888, 3878, 2528, 1730, 2860, 4199, 352, 1861, 1162, 4563, 2543, 2012, 610, 3143, 4255, 917, 755, 1487, 3400, 668, 806, 2569, 3044, 2262, 4435, 3563, 2215, 480, 273, 4991, 4308, 239, 4909, 1943, 357, 2773, 2932, 1998, 1301, 1441, 551, 4931, 1139, 3950, 1747, 1188, 4667, 2099, 414, 3773, 75, 888, 2967, 1242, 4210, 3449, 2379, 282, 40, 117, 4302, 868, 3324, 809, 4629, 1723, 3380, 949, 2754, 3887, 3742, 4192, 4179, 2984, 3314, 181, 2038, 3315, 1669, 711, 4015, 1959, 2658, 2027, 695, 1651, 2887, 3446, 838, 3750, 31, 3594, 3096, 1421, 2665, 2300, 3331, 1105, 3756, 2298, 1116, 4855, 4857, 3279, 4464, 2293, 4966, 1465, 550, 193, 1382, 3361, 451, 1252, 1969, 4630, 554, 3790, 3618, 873, 4962, 2503, 1484, 3346, 312, 4525, 1832, 3960, 3866, 507, 2745, 718, 3768, 365, 2152, 3060, 4873, 1029, 1452, 2245, 3783, 2469, 254, 4822, 3254, 3032, 257, 1184, 4401, 4572, 456, 2675, 3213, 4490, 3732, 3811, 4698, 4562, 2963, 3828, 1068, 1907, 5006, 625, 4471, 1045, 1069, 4065, 24, 1946, 4882, 227, 3014, 412, 116, 2803, 3093, 1123, 4504, 3253, 2956, 2951, 1955, 3152, 113, 2305, 3991, 33, 1365, 742, 247, 950, 2827, 1231, 459, 864, 5033, 1288, 2785, 761, 4164, 2064, 158, 350, 752, 1917, 53, 219, 5015, 4276, 4060, 1834, 4862, 2996, 3017, 4264, 789, 998, 3881, 649, 4936, 4779, 811, 2062, 115, 3443, 4309, 3820, 187, 567, 4265, 996, 2153, 4253, 1299, 5031, 1341, 2563, 3540, 465, 4459, 4549, 2552, 3286, 1927, 4534, 3004, 2372, 3490, 1477, 379, 971, 2272, 4196, 4018, 2666, 2520, 3024, 2788, 792, 258, 4394, 1082, 2560, 4913, 680, 463, 1684, 3702, 3046, 1358, 1751, 1892, 191, 2689, 3130, 183, 1934, 1594, 2786, 485, 626, 4738, 3749, 4606, 1120, 3347, 2420, 889, 2654, 3571, 4025, 4361, 2130, 1354, 2945, 4989, 1174, 4576, 1203, 4940, 415, 981, 452, 1373, 388, 2213, 1398, 4468, 733, 3245, 3259, 1845, 850, 3302, 2676, 162, 980, 4615, 842, 2589, 10, 319, 3194, 749, 2870, 2693, 429, 1533, 1921, 3519, 1391, 4034, 1317, 44, 2631, 274, 3203, 672, 477, 3330, 1366, 3539, 2598, 2111, 3482, 62, 657, 4594, 896, 126, 1475, 1397, 3944, 1739, 611, 3833, 2772, 353, 153, 77, 4919, 2389, 1552, 3292, 4665, 4115, 4231, 3142, 3559, 72, 3299, 4737, 3727, 797, 1002, 2661, 3452, 2186, 1805, 1561, 4663, 3525, 2302, 1100, 2405, 525, 516, 2600, 3491, 2057, 3078, 2484, 1656, 4673, 4942, 4531, 1968, 2920, 3226, 1779, 3098, 1722, 4996, 1543, 3297, 627, 3689, 3975, 1330, 1575, 4714, 2242, 3994, 216, 4586, 3192, 3070, 1244, 4660, 4898, 1258, 4980, 3265, 4086, 2225, 3407, 4463, 482, 2931, 301, 2914, 4089, 741, 3351, 3344, 2805, 827, 351, 2523, 3800, 1236, 1771, 1278, 2161, 4821, 3100, 1071, 260, 2776, 2413, 4999, 1951, 377, 1732, 930, 1055, 2636, 1334, 1524, 4154, 1284, 2281, 3969, 636, 2449, 4144, 2493, 1672, 4979, 564, 4842, 2394, 3564, 1481, 2726, 251, 3804, 4729, 4313, 3122, 1827, 2483, 3511, 364, 4607, 589, 3514, 3586, 2396, 4001, 4693, 200, 1527, 2900, 3042, 3210, 517, 3065, 954, 149, 2145, 4029, 2261, 252, 3379, 4092, 1520, 4, 2800, 3662, 3731, 1686, 4072, 3207, 3170, 3550, 464, 3088, 3584, 2026, 95, 3148, 1228, 64, 4684, 2890, 1286, 810, 3624, 2937, 3293, 3455, 2546, 1440, 1710, 961, 4569, 1024, 3309, 3370, 5039, 3027, 3660, 1026, 112, 3410, 4166, 1494, 767, 490, 4275, 3471, 48, 1072, 460, 2939, 4965, 833, 1563, 1820, 354, 2176, 3462, 2514, 3154, 2643, 1250, 1223, 2393, 3766, 3809, 3467, 1623, 4305, 2691, 4082, 4148, 2319, 1039, 1864, 4162, 3663, 3304, 1668, 2991, 843, 3723, 543, 1702, 3376, 3676, 2585, 2950, 743, 4353, 2237, 4000, 4767, 3228, 206, 4461, 4834, 4093, 4704, 3952, 4766, 1982, 4071, 1920, 2925, 135, 3930, 3373, 1353, 1568, 1404, 2828, 1190, 4690, 3634, 3092, 2022, 2674, 4617, 3521, 4969, 1556, 4434, 1860, 2534, 2464, 3053, 3912, 4566, 4073, 1302, 85, 1143, 545, 2947, 1680, 1606, 1676, 655, 4545, 3206, 2506, 618, 3384, 4774, 3883, 1801, 263, 4817, 1101, 458, 2521, 4136, 1531, 97, 808, 4238, 1547, 1092, 1975, 1266, 3717, 4903, 1392, 3112, 2576, 3752, 2799, 721, 2716, 1079, 4023, 2898, 2347, 1566, 529, 4317, 3931, 1517, 8, 1253, 2309, 2194, 45, 4727, 4935, 3416, 2948, 1940, 4078, 2614, 4634, 4332, 2656, 3182, 4111, 192, 3030, 1348, 1393, 3513, 1067, 2387, 2265, 2139, 2247, 4678, 473, 3858, 1119, 4420, 98, 555, 3757, 1377, 133, 3582, 2201, 1185, 1596, 3369, 1113, 893, 624, 3197, 987, 2250, 2271, 4993, 2612, 4125, 929, 4296, 1813, 2435, 3578, 3465, 3875, 1773, 2575, 3453, 580, 3487, 2087, 1666, 4024, 2317, 2434, 3606, 2679, 3111, 2669, 3535, 3619, 331, 1768, 114, 2344, 3136, 3512, 1122, 2375, 2149, 3059, 2456, 2915, 4293, 1107, 3237, 3266, 1343, 1423, 4743, 4492, 1812, 1765, 4915, 419, 2574, 3961, 4722, 3951, 4279, 105, 1888, 1311, 1511, 3048, 2758, 1470, 958, 781, 3300, 2072, 430, 1677, 3867, 3957, 691, 3171, 201, 4784, 1506, 4537, 4281, 703, 4218, 2559, 905, 4340, 3532, 4041, 4907, 3005, 4655, 499, 4129, 207, 2004, 4602, 2863, 1164, 851, 4410, 911, 2923, 87, 3189, 3907, 4042, 2340, 2896, 2544, 1572, 4426, 3349, 1971, 3973, 4938, 3725, 1254, 1098, 2591, 2141, 2288, 2797, 3284, 3510, 2335, 1584, 1171, 4169, 1957, 4226, 1089, 3236, 3735, 4518, 3308, 2814, 4752, 4565, 2981, 3084, 3205, 2620, 1519, 3543, 3306, 2170, 847, 3670, 1271, 3362, 4812, 1283, 724, 4159, 237, 852, 2439, 1150, 446, 2212, 222, 4759, 4739, 652, 932, 4101, 5009, 3031, 1488, 3896, 860, 3273, 1240, 356, 3772, 4019, 3870, 740, 534, 2323, 4157, 2694, 727, 4626, 2081, 2912, 3736, 3388, 4469, 1843, 1495, 4844, 4240, 497, 2045, 2345, 2187, 1514, 296, 4067, 986, 4049, 2762, 1904, 690, 1084, 4819, 4820, 4500, 3792, 55, 4252, 2429, 4685, 4950, 536, 190, 2611, 3066, 4773, 2874, 774, 651, 4519, 3436, 2997, 2448, 828, 310, 1350, 1938, 2053, 3193, 1163, 4787, 1853, 3116, 2487, 772, 4107, 4881, 3508, 2973, 3609, 3716, 1074, 3505, 316, 3383, 3900, 2637, 345, 2383, 3427, 173, 3758, 1609, 4515, 585, 1313, 1733, 2815, 795, 3693, 1491, 615, 1436, 2672, 1053, 3251, 1296, 1999, 4536, 2650, 2254, 4943, 3275, 287, 399, 4811, 2240, 2840, 2553, 3536, 2257, 4486, 1175, 2895, 3372, 1660, 2927, 4043, 643, 2333, 1830, 2564, 2667, 3355, 1009, 355, 4871, 4494, 4261, 804, 1007, 531, 4337, 128, 2734, 3107, 195, 1148, 2683, 3486, 859, 3179, 3853, 3891, 4918, 2713, 2730, 4188, 1931, 1480, 2381, 1126, 606, 3163, 2102, 3692, 2068, 390, 3316, 2107, 1727, 654, 4312, 3269, 2230, 4248, 320, 4718, 1127, 51, 3703, 1735, 3034, 1794, 2118, 1588, 2255, 4886, 3622, 639, 4487, 1963, 1044, 1743, 348, 4429, 4070, 3382, 457, 4923, 4143, 361, 1700, 139, 3121, 2252, 4689, 2189, 4287, 1346, 2014, 1889, 1307, 704, 3125, 4904, 2879, 1657, 1741, 3675, 4621, 677, 3825, 779, 4998, 3932, 3805, 4270, 4186, 822, 4761, 2801, 2214, 4972, 3063, 307, 323, 3451, 4035, 4228, 495, 1977, 1239, 3890, 3623, 1356, 1133, 751, 2246, 410, 1080, 2453, 3897, 2260, 3496, 2433, 157, 2354, 4456, 4257, 4644, 3340, 1828, 367, 518, 2848, 671, 4984, 898, 1731, 3664, 1230, 1125, 2380, 1538, 922, 3, 479, 3585, 4672, 1941, 1947, 816, 4964, 558, 1295, 3327, 4850, 3518, 2685, 1987, 3690, 5038, 869, 2664, 1762, 2677, 1674, 3374, 1303, 2133, 4574, 2036, 32, 4099, 4664, 1199, 4256, 3942, 1540, 547, 1460, 1196, 3781, 3557, 2603, 4083, 1479, 3209, 3860, 2042, 3544, 487, 2545, 4441, 4081, 288, 3419, 2540, 1411, 1086, 2742, 4234, 1874, 4100, 2441, 689, 236, 468, 2993, 2992, 3133, 4805, 3636, 3183, 1654, 311, 756, 1099, 784, 3935, 1800, 439, 1023, 84, 4814, 2126, 3502, 3922, 2003, 4661, 2584, 1371, 3739, 628, 1083, 4863, 2110, 4208, 172, 1308, 2509, 944, 1130, 3325, 2642, 4348, 2624, 4127, 4040, 3834, 3984, 4392, 396, 2103, 1804, 434, 4411, 3326, 4391, 228, 4856, 3285, 1555, 168, 782, 4380, 4879, 4688, 3698, 4937, 2047, 1035, 1456, 2917, 3033, 4735, 544, 4628, 2232, 991, 3572, 4968, 1000, 164, 4423, 1620, 2287, 3747, 994, 4439, 3614, 612, 179, 3740, 403, 3296, 4163, 4949, 4604, 2604, 4013, 3808, 1213, 455, 3255, 1617, 2229, 993, 60, 2817, 1316, 2192, 3458, 790, 4177, 3391, 1915, 3903, 2490, 4708, 4836, 4409, 3658, 3955, 261, 1932, 2443, 370, 4522, 1182, 4372, 3737, 2710, 4399, 2436, 638, 1496, 46, 2498, 2231, 613, 1687, 4849, 3617, 5024, 4466, 2216, 1823, 4048, 1169, 3461, 2452, 2409, 4706, 1407, 2414, 342, 2865, 4213, 4707, 1432, 1483, 940, 1173, 2779, 4947, 4852, 2104, 1897, 3110, 2478, 2976, 189, 4207, 2166, 330, 2960, 3565, 4472, 109, 1815, 4818, 4202, 4116, 2482, 4467, 685, 1409, 3117, 3003, 3917, 3504, 4782, 3257, 4875, 218, 4367, 4165, 769, 4803, 3249, 2477, 4945, 4142, 2251, 3137, 885, 186, 7, 1541, 2969, 2663, 2835, 4077, 2512, 210, 4243, 760, 1798, 2134, 4336, 799, 4404, 4769, 694, 2701, 147, 532, 4526, 3168, 2155, 285, 3685, 3667, 5040, 1153, 90, 764, 623, 4953, 4114, 1385, 4476, 3141, 3131, 3807, 4475, 1905, 1714, 2759, 3069, 1984, 535, 2646, 3274, 2256, 2496, 4141, 4246, 2688, 2909, 2138, 3479, 1431, 3940, 1315, 586, 523, 3413, 2277, 3861, 2989, 2234, 405, 3129, 4091, 1291, 4851, 3771, 3323, 3473, 913, 3966, 1532, 5000, 765, 1949, 4320, 942, 339, 892, 875, 3494, 1167, 1604, 3009, 3258, 4299, 3652, 1320, 726, 2205, 1076, 4403, 4657, 587, 4242, 3242, 4813, 2771, 4271, 678, 3023, 2578, 1712, 3160, 1635, 737, 506, 2645, 1014, 4555, 2400, 928, 2705, 4087, 4692, 1227, 494, 2980, 745, 3599, 1844, 3409, 3562, 4747, 3913, 4550, 2864, 411, 3320, 3248, 3037, 4012, 2350, 2990, 4452, 284, 4858, 1966, 3378, 4605, 3404, 3580, 2100, 937, 1558, 3713, 1872, 4544, 3627, 1622, 4511, 4775, 684, 4731, 2295, 66, 2106, 2816, 1749, 1054, 1865, 941, 1721, 3827, 2193, 3552, 645, 450, 3200, 3873, 3448, 4977, 3895, 3272, 3646, 2269, 25, 4508, 1954, 747, 4831, 22, 4117, 4047, 4777, 3872, 2, 3570, 1235, 2502, 4933, 4932, 3176, 2699, 2472, 2894, 1688, 4853, 5034, 935, 3468, 1006, 1500, 717, 4267, 1869, 1675, 3526, 4771, 2802, 4527, 1870, 5001, 1639, 1693, 1873, 1096, 1260, 2599, 2744, 1961, 2627, 4520, 2326, 3838, 1218, 2712, 4356, 2953, 4109, 1912, 4172, 1577, 4749, 3990, 4995, 945, 1344, 4132, 4922, 2164, 4636, 4363, 4437, 1015, 1463, 275, 848, 2479, 908, 1788, 253, 1416, 2861, 1108, 1521, 1826, 1863, 3338, 3015, 3489, 3628, 3127, 4379, 3434, 2782, 1809, 3921, 5007, 2160, 2847, 3979, 3597, 1808, 4368, 1689, 787, 909, 2223, 778, 4848, 4638, 4225, 4350, 1918, 3677, 4742, 4800, 1640, 705, 1429, 1195, 3195, 293, 4827, 1597, 963, 4691, 4587, 2320, 1871, 738, 2284, 13, 1338, 431, 2968, 1516, 1582, 3262, 2830, 856, 526, 2228, 4283, 2366, 2426, 148, 4802, 4754, 1399, 4901, 4021, 49, 1911, 1995, 4427, 3405, 2195, 3679, 4360, 3164, 4542, 4516, 2626, 466, 300, 2497, 1967, 304, 380, 541, 3763, 1925, 3947, 3729, 3460, 552, 2299, 3224, 4358, 4570, 3534, 1066, 1461, 4194, 3830, 132, 462, 3145, 4102, 232, 3198, 1368, 2142, 4446, 58, 1706, 3337, 829, 3826, 178, 3993, 1114, 3919, 2363, 120, 1705, 2621, 2267, 3906, 4884, 4421, 3074, 1537, 607, 939, 3298, 3786, 5029, 4552, 1181, 220, 4258, 3631, 4659, 948, 4323, 4219, 3158, 1471, 63, 2480, 2086, 2748, 4174, 813, 1709, 2406, 4307, 1600, 4191, 43, 3898, 1497, 2008, 4916, 2625, 3420, 2095, 3353, 2539, 548, 15, 3319, 3358, 102, 3958, 3760, 3630, 3223, 2158, 2486, 3294, 2114, 3531, 2628, 3474, 2836, 662, 2159, 2938, 3641, 197, 1059, 812, 1523, 794, 2031, 4497, 5014, 4315, 3483, 1993, 1204, 887, 4122, 4581, 2163, 2680, 1795, 2500, 3244, 4580, 2751, 3227, 687, 642, 5016, 750, 4804, 883, 4973, 4343, 3982, 369, 912, 3605, 2941, 1678, 3923, 4930, 3680, 2972, 1061, 368, 803, 1183, 2177, 4840, 3377, 2944, 4389, 259, 4026, 1645, 1269, 3418, 4507, 1257, 990, 4158, 2063, 2831, 3470, 4314, 160, 4094, 2886, 2793, 1841, 4681, 2473, 1659, 2024, 3992, 4829, 510, 4292, 1033, 4180, 242, 1152, 1337, 3067, 38, 2792, 2806, 1818, 1837, 1884, 2432, 409, 570, 1755, 946, 2731, 3187, 406, 194, 4324, 653, 2504, 3946, 334, 2547, 1394, 1752, 3239, 2777, 4080, 973, 3463, 1434, 2795, 4603, 4433, 4728, 1387, 1717, 1070, 3542, 4682, 4559, 1268, 299, 1304, 4126, 3787, 4032, 500, 235, 6, 4447, 1168, 1851, 2258, 2196, 4232, 308, 1018, 3429, 849, 2085, 1075, 333, 2995, 1293, 250, 4384, 3850, 2908, 2791, 1983, 4198, 2239, 1849, 3863, 2226, 3101, 2943, 4958, 1415, 2025, 4003, 4910, 2746, 1810, 897, 433, 4370, 4239, 3920, 271, 27, 933, 4478, 1578, 4457, 2556, 4119, 1372, 2075, 2695, 1249, 1103, 4413, 1742, 1842, 4090, 2127, 3214, 3177, 4517, 4740, 3546, 3849, 3600, 2491, 1909, 1197, 3159, 4200, 447, 3013, 3671, 1720, 4637, 1427, 2829, 318, 3278, 661, 2606, 2729, 1294, 1936, 1214, 3608, 5004, 4801, 4521, 3202, 3365, 2360, 2778, 4183, 2844, 3392, 2686, 3999, 2368, 1021, 2532, 4432, 2021, 2358, 1043, 4793, 3755, 1081, 1576, 723, 3406, 136, 74, 4702, 240, 2362, 4680, 3874, 1887, 2374, 592, 1754, 2032, 2750, 3162, 437, 4224, 1502, 3576, 3243, 2011, 4658, 298, 1579, 3672, 2236, 3010, 1489, 1151, 1211, 2348, 1658, 4600, 1490, 2343, 249, 2846, 4513, 874, 3978, 2467, 3889, 3697, 915, 2091, 4808, 855, 835, 584, 397, 4395, 538, 4870, 2647, 3780, 1201, 4106, 2891, 3965, 2837, 4553, 3871, 96, 3095, 4715, 1985, 3480, 1526, 1529, 1996, 2332, 3836, 4274, 3638, 4161, 346, 4128, 1891, 1135, 1852, 2505, 188, 3829, 1238, 4671, 1825, 1232, 2211, 3334, 2353, 1793, 2867, 3745, 3264, 1522, 2769, 3648, 4826, 4830, 2818, 4833, 3929, 4902, 3598, 919, 3744, 3706, 2921, 1289, 857, 1624, 2079, 3422, 3538, 4406, 1200, 605, 214, 2061, 4510, 2592, 1862, 3035, 422, 4912, 951, 1628, 2266, 4362, 3099, 2279, 2224, 2554, 436, 3995, 2822, 682, 630, 3770, 2618, 4726, 208, 3948, 2720, 2444, 1822, 371, 2009, 2796, 2440, 2312, 2327, 4160, 2662, 957, 2957, 1787, 3868, 488, 3527, 1246, 2946, 4311, 540, 4038, 4245, 1335, 527, 182, 4168, 2587, 119, 1464, 3765, 2438, 881, 4601, 4485, 4772, 4889, 2978, 533, 3080, 4124, 373, 3235, 1539, 1138, 697, 4130, 4974, 2336, 4027, 793, 2724, 5003, 3311, 315, 224, 2175, 5035, 4528, 3774, 3408, 4059, 3554, 3635, 4792, 3865, 3424, 2007, 2291, 127, 1292, 1701, 2965, 1781, 2501, 1633, 4066, 1777, 1988, 1056, 1699, 2749, 943, 4618, 4033, 3390, 2321, 1728, 4139, 2120, 4088, 631, 3367, 3699, 3681, 3339, 732, 1783, 509, 3385, 4582, 4044, 788, 924, 4686, 1661, 1708, 3174, 802, 831, 4523, 2334, 246, 1868, 1342, 3767, 665, 2640, 2005, 338, 4585, 1894, 4924, 2442, 4588, 2542, 4788, 104, 3654, 4963, 4872, 2916, 575, 1696, 400, 4954, 106, 1612, 1647, 378, 4624, 3051, 1165, 785, 4990, 836, 3795, 4222, 2204, 577, 730, 4190, 578, 2681, 328, 522, 375, 313, 579, 4983, 1536, 3530, 2337, 336, 902, 4987, 94, 3012, 3050, 4298, 3777, 4121, 503, 2929, 238, 2885, 2905, 4011, 3558, 3363, 327, 4592, 4611, 4926, 4335, 3577, 1737, 508, 3591, 1883, 461, 3000, 1457, 3435, 16, 4612, 3149, 807, 1004, 1355, 3317, 1121, 1224, 616, 3058, 2873, 4383, 4643, 2819, 2088, 1791, 927, 4167, 1803, 4575, 1893, 335, 823, 2787, 3799, 1352, 4770, 4387, 3484, 2273, 3688, 2529, 1901, 814, 3268, 1245, 1051, 4997, 401, 2962, 394, 3477, 2463, 2516, 622, 1535, 4237, 729, 4768, 3541, 634, 4063, 4016, 1198, 1462, 3188, 4153, 3312, 2035, 3859, 3629, 92, 2416, 3650, 2568, 989, 1507, 871, 2352, 1312, 3625, 3043, 3832, 4289, 3581, 1155, 3726, 1799, 2403, 3441, 1858, 2561, 2820, 1473, 4068, 3812, 4641, 2761, 1290, 3507, 467, 41, 4181, 1763, 2766, 4473, 1046, 1247, 2197, 1881, 4388, 759, 1570, 1010, 4203, 4514, 445, 4316, 2670, 3395, 975, 664, 3102, 1319, 3848, 3501, 1545, 2039, 344, 576, 2112, 144, 484, 2074, 4650, 1631, 2570, 4860, 744, 4914, 4925, 3926, 4956, 1691, 1902, 1339, 4204, 269, 5019, 3026, 4593, 3108, 1719, 2275, 4501, 3573, 3964, 4382, 170, 3190, 1062, 2468, 2015, 4843, 4599, 2507, 3041, 1413, 714, 1349, 3602, 363, 3566, 3356, 3144, 2357, 1095, 69, 1386, 2046, 3754, 4796, 12, 1028, 2987, 1381, 569, 1653, 1695, 2595, 1591, 3545, 3823, 3277, 1058, 1994, 3815, 438, 5011, 3454, 4961, 2718, 108, 103, 140, 3547, 596, 1063, 739, 418, 3788, 1510, 3857, 4897, 2954, 4465, 3506, 4694, 1147, 641, 4173, 2499, 1270, 3303, 716, 524, 4104, 3221, 2531, 542, 1261, 1262, 4054, 1990, 1445, 4567, 923, 2986, 3583, 4217, 1205, 2872, 1550, 4436, 1360, 2854, 3796, 3846, 1829, 2264, 2979, 3684, 2248, 1758, 4284, 594, 1592, 546, 1499, 1590, 2687, 1964, 4150, 28, 3904, 3276, 2652, 4763, 2596, 267, 1400, 141, 1459, 392, 1770, 988, 9, 2365, 1298, 3077, 4074, 3447, 3310, 4400, 879, 4794, 947, 329, 4357, 2073, 2123, 895, 4483, 2673, 2555, 4408, 3517, 3945, 514, 3001, 1369, 4438, 2316, 4031, 2893, 553, 1850, 4927, 845, 4509, 4414, 489, 846, 1876, 2774, 185, 4557, 202, 3350, 2834, 3908, 1807, 3216, 4905, 2395, 385, 1553, 3029, 3528, 2190, 111, 2632, 4757, 1437, 1564, 4354, 2377, 3589, 2270, 2465, 1683, 1802, 4223, 478, 3342, 1374, 1713, 3146, 1992, 4009, 4045, 1819, 4007, 3132, 2622, 4556, 4703, 2763, 2417, 1241, 3916, 4789, 3028, 4546, 2949, 3301, 3329, 3989, 4396, 1031, 1670, 4417, 1878, 710, 4211, 1935, 820, 1551, 3720, 1989, 758, 2125, 4113, 3366, 2579, 1410, 3653, 3068, 1664, 3746, 1287, 1207, 130, 1908, 3062, 3089, 1259, 2557, 3025, 2615, 818, 1681, 1679, 2913, 1528, 349, 2725, 3694, 4941, 3475, 4334, 791, 1764, 4342, 2958, 3472, 4577, 2668, 3794, 2408, 960, 4445, 2936, 1760, 4149, 2030, 882, 3649, 1281, 150, 3762, 1610, 3097, 3090, 4491, 4532, 4495, 1895, 648, 129, 3705, 3621, 1202, 1482, 1694, 4118, 4415, 3977, 3967, 3039, 1008, 2702, 2055, 2392, 2760, 2082, 1106, 3106, 2856, 1697, 67, 1997, 2524, 1928, 1778, 4266, 321, 4341, 4920, 52, 4568, 493, 559, 674, 2171, 1859, 291, 4061, 3283, 4764, 289, 2966, 1433, 4723, 4440, 3151, 1508, 322, 469, 1856, 4039, 4885, 3651, 2740, 3665, 3789, 2549, 1634, 1979, 1193, 1225, 3271, 2002, 3515, 2108, 3522, 4730, 384, 2206, 4310, 2536, 891, 2737, 3020, 2056, 3666, 2902, 1179, 2489, 4776, 2481, 234, 2821, 4985, 2373, 3417, 2437, 4649, 1607, 1221, 1824, 4288, 4206, 213, 560, 4454, 1472, 3996, 3939, 1626, 2294, 2548, 276, 398, 3083, 2924, 1750, 1467, 4899, 1384, 504, 2084, 3430, 4733, 3333, 3986, 1057, 3222, 3844, 4046, 4393, 3290, 4254, 925, 2119, 4236, 2648, 1748, 1093, 4424, 985, 1136, 692, 1267, 561, 1329, 3748, 1111, 650, 1363, 1428, 2476, 4462, 770, 4318, 1158, 3165, 2565, 2727, 382, 3709, 1948, 866, 872, 4584, 4347, 4647, 325, 5036, 1866, 1593, 4328, 1589, 3335, 841, 3956, 2919, 1110, 1430, 2678, 910, 2839, 1145, 2862, 30, 1345, 629, 4564, 3282, 1156, 602, 1898, 3603, 4719, 4300, 2200, 4096, 2208, 4524, 3250, 286, 1512, 3548, 1376, 3928, 2784, 2764, 443, 4235, 725, 432, 4928, 4683, 435, 3094, 314, 4548, 2526, 3348, 4717, 603, 110, 825, 4020, 3590, 2697, 1226, 3661, 4431, 4055, 4785, 3321, 245, 2961, 1833, 4807, 4806, 4619, 2276, 4705, 4712, 1189, 590, 1097, 303, 2121, 3814, 2474, 1923, 4911, 936, 100, 4648, 2594, 3847, 2757, 1976, 720, 387, 3587, 3113, 4355, 4216, 4385, 4137, 2124, 4854, 676, 1939, 389, 427, 3704, 332, 1965, 588, 1599, 3753, 3616, 1549, 1274, 712, 3696, 3428, 4479, 1774, 2238, 4845, 666, 4758, 121, 3425, 2741, 1736, 1839, 4711, 3481, 3438, 71, 4795, 3476, 1279, 3954, 3980, 1546, 4529, 3893, 1025, 2515, 1469, 1454, 3431, 3941, 80, 4460, 4084, 3498, 2092, 3444, 2601, 3551, 4369, 4176, 2807, 3394, 4608, 4412, 2097, 4097, 4123, 1208, 1443, 562, 2462, 4957, 2892, 1405, 1124, 983, 2813, 3341, 4676, 3902, 3813, 2283, 974, 3497, 3219, 1282, 700, 4010, 4595, 4696, 306, 4543, 4535, 1210, 805, 4005, 3147, 4321, 2602, 2301, 3402, 1926, 1478, 324, 2899, 815, 1585, 2608, 3166, 3140, 3072, 582, 2698, 4656, 3191, 4339, 776, 3079, 3071, 979, 713, 3055, 3437, 2634, 3734, 1726, 39, 1332, 3659, 966, 762, 359, 2488, 3637, 454, 4496, 2466, 3575, 2447, 4960, 1435, 2132, 2630, 903, 70, 2495, 3879, 4699, 1548, 1128, 4986, 878, 3949, 2721, 2850, 2349, 1716, 4156, 4781, 1378, 1011, 3824, 1583, 2623, 3261, 736, 347, 3018, 1498, 2000, 4741, 1950, 4182, 3139, 4488, 1602, 4419, 4895, 3674, 441, 374, 3232, 4929, 4233, 2314, 1922, 5008, 3803, 2235, 483, 3091, 2178, 3500, 184, 3936, 1380, 4939, 2313, 79, 88, 4085, 4151, 1455, 68, 2018, 3233, 4057, 3593, 2454, 3784, 620, 3360, 4651, 118, 1877, 3645, 2083, 3052, 2431, 1088, 2179, 2581, 1102, 886, 984, 520, 3135, 470, 4304, 1782, 2066, 2719, 2605, 4484, 880, 2217, 2156, 93, 1077, 4145, 2926, 3733, 4639, 3719, 2183, 3909, 1094, 1662, 21, 492, 19, 4883, 1595, 2897, 4635, 3656, 476, 1085, 1, 1019, 4753, 278, 3925, 1012, 498, 3064, 4346, 1090, 3987, 4662, 2017, 753, 3854, 1775, 959, 2378, 3457, 962, 4732, 4205, 3801, 3843, 4175, 4131, 5002, 1243, 1567, 4377, 4241, 1078, 4371, 2832, 4058, 1370, 3914, 2922, 1903, 2519, 4294, 3972, 326, 2390, 556, 2783, 2739, 977, 3769, 2384, 1159, 1846, 4503, 4425, 4352, 3056, 2117, 1001, 1034, 2735, 442, 3682, 2169, 4859, 819, 1637, 3862, 1474, 1641, 2706, 1027, 2331, 1447, 4970, 1233, 1449, 3081, 688, 4841, 2020, 1367, 3397, 734, 2304, 36, 1306, 2530, 722, 2249, 2410, 2855, 4579, 1769, 4578, 2881, 840, 2241, 2732, 2330, 2825, 1272, 865, 3851, 294, 2485, 632, 4146, 2461, 4551, 4006, 1614, 2297, 4951, 1134, 777, 3793, 264, 3974, 2810, 1616, 904, 1248, 1913, 166, 3549, 659, 3288, 4675, 519, 4349, 3104, 598, 5018, 1924, 5030, 2959, 907, 3439, 3574, 2649, 4946, 3173, 992, 1565, 3047, 1115, 4373, 4152, 2070, 3837, 290, 2278, 3633, 3981, 2616, 1049, 3199, 766, 1237, 1835, 2609, 4450, 3821, 3640, 131, 4869, 2174, 4640, 1665, 3332, 2430, 1446, 4103, 2582, 1444, 2180, 2709, 3707, 1220, 568, 565, 4908, 2918, 4197, 2048, 4744, 5028, 2173, 3186, 2198, 211, 3022, 233, 3123, 143, 20, 3318, 2833, 1882, 4138, 358, 999, 34, 2768, 2533, 3220, 3007, 1821, 862, 3592, 4418, 4512, 4695, 2755, 1991, 4677, 1318, 2550, 3364, 295, 667, 4893, 513, 54, 3466, 906, 408, 3054, 4330, 156, 279, 4449, 2492, 1422, 982, 3691, 3668, 1109, 244, 1485, 4407, 1389, 4209, 3877, 1652, 4069, 4134, 3225, 4014, 3124, 2644, 2928, 3240, 4614, 1569, 1180, 780, 472, 995, 4809, 1933, 2147, 1222, 3040, 1542, 1642, 4609, 3886, 1129, 5023, 1442, 413, 1379, 4075, 914, 2586, 2988, 1725, 566, 4333, 2080, 4338, 3797, 1178, 3352, 124, 2983, 1172, 3959, 3469, 970, 4017, 3669, 771, 1960, 2853, 4351, 1598, 600, 3359, 1503, 3764, 2747, 2459, 512, 2866, 1388, 4482, 4502, 3818, 2588, 968, 2274, 3357, 3620, 3647, 4866, 3118, 4108, 2346, 1776, 4030, 383, 3241, 3642, 3105, 4613, 1663, 1149, 4364, 1761, 2315, 2970, 1438, 2043, 1013, 2263, 2906, 203, 1711, 2151, 1831, 3336, 1562, 1166, 292, 4981, 746, 4451, 4538, 3128, 4269, 3212, 1420, 673, 1655, 4050, 212, 2457, 2402, 4285, 3816, 4171, 926, 2869, 549, 4268, 4653, 4390, 2538, 2415, 3711, 1817, 4135, 1191, 3459, 3779, 47, 4004, 1414, 978, 3722, 2655, 4430, 2191, 2285, 3008, 4716, 1780, 4573, 2446, 3120, 4948, 1328, 709, 728, 683, 305, 4975, 1649, 4631, 2884, 3057, 2113, 2303, 2222, 3433, 1930, 1848, 861, 2527, 3403, 1112, 3393, 1161, 1618, 2804, 3234, 4547, 2165, 73, 4734, 2219, 1177, 3976, 1273, 2985, 3718, 2019, 4229, 867, 2522, 4721, 2227, 1285, 3657, 3208, 573, 2775, 1047, 1757, 1611, 597, 4976, 4397, 4598, 256, 1630, 1403, 1137, 1160, 4185, 3864, 4944, 1212, 4079, 1667, 4825, 1390, 3153, 4679, 515, 1357, 1929, 1513, 4837, 3218, 1351, 2050, 918, 2811, 2028, 633, 4286, 1534, 4220, 3256, 2708, 221, 3495, 1396, 921, 1715, 2401, 4583, 4405, 4668, 2418, 916, 2824, 3885, 2567, 3963, 4489, 3371, 3901, 3421, 1962, 2154, 3229, 2172, 4865, 2037, 1364, 86, 1361, 3985, 967, 800, 2580, 1375, 2700, 1412, 4891, 4381, 1050, 4481, 491, 1638, 3806, 2849, 1644, 1064, 2971, 1324, 440, 619, 1766, 2883, 2220, 262, 2093, 3588, 3499, 2597, 3252, 231, 4056, 2641, 1439, 4765, 2376, 4623, 4076, 2930, 1314, 3415, 1945, 3943, 1402, 1613, 471, 3673, 2065, 2356, 647, 1515, 3345, 2328, 4506, 5005, 1587, 501, 1206, 3231, 4790, 3524, 3927, 2094, 3905, 297, 2059, 1745, 1458, 1627, 2388, 609, 2013, 1746, 3270, 1544, 5025, 4917, 2168, 521, 702, 4263, 5027, 1525, 3869, 581, 204, 4533, 4416, 1704, 591, 3061, 2684, 2998, 3520, 3695, 2029, 199, 1636, 2715, 3211, 706, 773, 2096, 3354, 4214, 4816, 3375, 1785, 2339, 1036, 2322, 2812, 2023, 386, 4982, 255, 123, 4064, 1424, 2629, 2445, 2001, 3911, 2911, 3937, 2105, 832, 2703, 26, 475, 1117, 3899, 1811, 2116, 317, 1327, 1187, 2756, 11, 4477, 1052, 4890, 1395, 4756, 1759, 4710, 4133, 3822, 3743, 4295, 3845, 539, 4098, 4687, 2144, 1840, 1170, 1038, 5017, 821, 837, 2790, 4291, 2682, 3724, 839, 1032, 876, 502, 3884, 3971, 953, 754, 698, 4212, 1509, 3876, 2517, 2243, 2051, 3553, 1131, 145, 4934, 1557, 3997, 4724, 1186, 4674, 4591, 614, 1605, 2671, 4422, 1646, 421, 4325, 138, 4746, 2364, 3595, 775, 1401, 1060, 2940, 159, 3184, 3305, 4967, 101, 801, 4864, 4540, 3882, 1772, 3738, 343, 1321, 4327, 2067, 2904, 604, 4750, 3045, 42, 4971, 1530, 2513, 1574, 1042, 37, 1451, 3016, 1142, 4610, 2613, 1886, 4474, 1504, 4670, 4539, 3579, 1157, 2148, 3596, 2704, 884, 309, 1682, 1017, 972, 931, 225, 3021, 2307, 4470, 1418, 5026, 3440, 2412, 4900, 4669, 3962, 4331, 3181, 3775, 3509, 2541, 4493, 4880, 3086, 2607, 4221, 1048, 2385, 3938, 2244, 1581, 4002, 2306, 1073, 2425, 4876, 3934, 3831, 4874, 4783, 955, 57, 196, 134, 2619, 76, 14, 2780, 505, 1022, 599, 660, 3138, 3924, 621, 1857, 4028, 844, 675, 272, 3488, 4375, 151, 4458, 1910, 3169, 61, 2852, 3655, 1486, 142, 3855, 3291, 2341, 2338, 1037, 4697, 2049, 1692, 2875, 2933, 3280, 163, 152, 2982, 4959, 4625, 3785, 3523, 658, 2308, 2765, 2934, 4906, 1448, 4062, 205, 572, 167, 4402, 4824, 4301, 1559, 3456, 2318, 4994, 3615, 2888, 3085, 2109, 699, 4622, 4272, 3381, 3387, 5020, 3493, 1690, 4290, 1277, 3776, 270, 2115, 920, 2711, 3082, 4189, 215, 217, 3343, 4306, 1336, 2722, 3157, 3322, 4247, 1738, 125, 3626, 3741, 4193, 2974, 2290, 681, 4022, 2851, 3368, 1333, 748, 646, 5021, 2994, 3287, 4052, 686, 2999, 511, 3842, 2369, 2101, 2573, 2901, 2427, 4273, 4725, 890, 1251, 2752, 3715, 530, 2562, 4778, 1838, 4748, 2566, 1300, 4230, 3307, 768, 425, 1140, 593, 448, 1792, 1194, 1192, 4105, 444, 4455, 938, 4700, 146, 3555, 2181, 3432, 2633, 1406, 3464, 3798, 2209, 1836, 2871, 4561, 1275, 3450, 2006, 4378, 2841, 4627, 2857, 137, 1814, 2253, 1673, 2535, 4303, 1847, 2651, 226, 3567, 4366, 1234, 3852, 2162, 4560, 2136, 3880, 2218, 3678, 1554, 4051, 265, 3230, 1217, 1501, 4530, 1030, 3778, 2907, 4713, 3856, 2233, 2639, 4260, 372, 3386, 283, 59, 2259, 601, 2551, 2736, 3683, 1362, 381, 2696, 2407, 3998, 1492, 2188, 107, 3503, 1383, 3710, 4428, 4140, 4755, 4244, 1953, 2422, 3759, 1580, 798, 3728, 1648, 404, 1914, 1408, 2610, 2935, 426, 1875, 175, 1216, 1280, 3087, 4282, 3639, 4398, 2044, 2386, 3840, 3835, 2717, 1724, 2077, 4745, 407, 3246, 2511, 1322, 1146, 65, 1796, 635, 2370, 3782, 4277, 1453, 174, 3155, 35, 965, 4278, 3426, 4888, 4666, 3802, 1786, 424, 4791, 4736, 1734, 1784, 2286, 4571, 1276, 280, 161, 2659, 4155, 4345, 4846, 18, 2845, 900, 2428, 3604, 2325, 4828, 2518, 268, 4810, 2964, 82, 3114, 89, 3126, 2876, 4110, 1685, 2292, 56, 2753, 3568, 341, 1880, 1518, 2382, 2635, 4838, 417, 3389, 3260, 2638, 4952, 537, 2657, 4147, 198, 4823, 4799, 4322, 4442, 2942, 4280, 3328, 2207, 3103, 91, 1789, 169, 2289, 1703, 2146, 1323, 165, 817, 2199, 2789, 964, 2202, 3607, 1879, 4443, 4374, 2977, 1347, 2423, 4541, 4645, 2903, 2451, 830, 853, 2471, 2424, 3613, 3398, 2743, 4646, 2040, 1305, 3150, 2537, 4887, 2572, 2781, 2508, 1980, 154, 3156, 3175, 4835, 4227, 3610, 877, 1944, 1698, 1867, 2016, 362, 1806, 3178, 4839, 952, 1671, 3569, 3109, 2525, 1309, 4120, 1426, 2069, 360, 2421, 2859, 1417, 2733, 2090, 2182, 2296, 1619, 17, 3761, 1326, 4558, 2809, 3533, 2419, 763, 3529, 223, 4386, 644, 976, 3819, 693, 834, 3708, 4780, 4988, 1740, 2185, 4751, 4453, 719, 248, 449, 5037, 786, 1256, 481, 901, 1972, 557, 4329, 701, 1643, 2723, 99, 5032, 2975, 4616, 281, 2143, 2411, 4499, 420, 4365, 3910, 2329, 2858, 2794, 571, 2342, 617, 2310, 4786, 1264, 209, 4847, 2122, 3414, 2391, 2203, 1906, 1144, 1625, 1219, 1331, 3185, 4642, 2167, 3019, 3423, 229, 3119, 1176, 637, 3036, 1466, 4095, 3115, 1132, 4589, 3411, 563, 1215, 3537, 4037, 1958, 2371, 899, 2311, 1505, 2397, 1571, 78, 863, 2129, 3295, 826, 2910, 2361, 608, 1629, 656, 3712, 1468, 2034, 1493, 4444, 171, 2071, 4249, 3002, 340, 496, 1016, 2399, 4978, 4596, 1359, 1744, 2359, 2076, 1729, 3492, 376, 1209, 528, 4053, 2351, 640, 4376, 2660, 2770, 180, 2470, 669, 2460, 4877, 2868, 1560, 2041, 2583, 4632, 3687, 3204, 1340, 3730, 4815, 2843, 1896, 3817, 2558, 1040, 2955, 4867, 3988, 2128, 1621, 3968, 3983, 1952, 4832, 81, 1970, 2714, 2135, 4505, 4992, 2590, 3167, 3953, 3485, 2653, 4652, 1586, 3714, 1707, 3612, 4262, 3810, 956, 1154, 1767, 4259, 2808, 2398, 393, 1325, 4250, 277, 1816, 4251, 2738, 4701, 969, 1937, 858, 176, 5010, 854, 2052, 3049, 2571, 1265, 1041, 1573, 3841, 3478, 3161, 2707, 796, 708, 2033, 3401, 1603, 3038, 3601, 4170, 2280, 1890, 4036, 3201, 83, 2078, 2210, 4709, 3281, 2054, 4955, 2838, 3751, 243, 230, 395, 4633, 934, 391, 474, 3399, 1065, 3134, 1263, 2880, 4480, 731, 2324, 241, 1005, 2617, 1020, 3632, 2593, 3611, 3918, 2455, 595, 3396, 4762, 2826, 1790, 3445, 5012, 2798, 2221, 1141, 4184, 4896, 3442, 2355, 3011, 3791, 3073, 2058, 3412, 1855, 1632, 574, 3196, 3915, 4201, 4620, 1899, 4187, 1885, 4319, 4195, 4894, 2577, 3313, 453, 2889, 2475, 2367, 3892, 1601, 2458, 4215, 1753, 3643, 4868, 3701, 3289, 894, 4554, 1615, 4344, 3560, 2510, 2282, 870, 2767, 4590, 3970, 2877, 1956, 1450, 3686, 1900, 1003, 1916, 5013, 4112, 1297, 2268, 2060, 3561, 2089, 3721, 4797, 122, 4654, 2184, 1310, 1986, 583, 4359, 1650, 2690, 302, 4878, 997, 3933, 337, 155, 1981, 4892, 3516, 3075, 735, 3700, 1091, 2692, 1978, 2878, 3267, 715, 1974, 3263, 4760, 4597, 4498, 2494, 2150, 423, 1419, 4798, 4921, 3172, 3238, 50, 1118, 1425, 824, 1854, 428, 2098, 1919, 4008, 5022, 2010, 1476, 3839, 1797, 2450, 2137, 1104, 4448, 5, 2131, 266, 1756, 696, 2842, 4720, 4861, 707, 366, 4326, 2157, 29, 4178, 3247, 3006, 679, 3556, 402, 663, 3076, 2404, 3644, 1087, 23, 4297, 486, 416, 783]

# Make sure we're in the experiment directory.
os.chdir(os.path.dirname(os.path.abspath(__file__)))


def get_run_id(task_id):
    return SHUFFLED_TASK_IDS[task_id - 1]


def process_task(task_id):
    run_id = get_run_id(task_id)
    run_dir = get_run_dir(run_id)
    error = False
    driver_log_file = os.path.join(run_dir, "driver.log")

    if os.path.exists(driver_log_file):
        logging.info(f"The run in {run_dir} has already been started --> skip it")
        return False

    with open(driver_log_file, "w") as driver_log:
        with open(os.path.join(run_dir, "driver.err"), "w") as driver_err:
            logging.info(f"Starting run {run_id} (TASK_ID {task_id}) in {run_dir}")
            try:
                subprocess.check_call(
                    [tools.get_python_executable(), "run"],
                    cwd=run_dir, stdout=driver_log, stderr=driver_err)
            except subprocess.CalledProcessError:
                error = True

    # driver.log always has content for a successful run, so we never delete it.
    if os.path.getsize(driver_err.name) == 0:
        os.remove(driver_err.name)
    else:
        error = True

    return error


def main():
    pool = multiprocessing.Pool(processes=8)
    num_tasks = len(SHUFFLED_TASK_IDS)
    result = pool.map_async(process_task, range(1, num_tasks + 1))
    try:
        # Use "timeout" to fix passing KeyboardInterrupts from children
        # (see https://stackoverflow.com/questions/1408356).
        result.wait(timeout=99999)
    except KeyboardInterrupt:
        logging.warning("Main script interrupted")
        pool.terminate()
    finally:
        pool.close()
        logging.info("Joining pool processes")
        pool.join()

    if any(result.get()):
        sys.exit("Error: At least one run failed.")


if __name__ == "__main__":
    main()
